2.127574772531874032e+02
5.161313880568397394e+01
0.000000000000000000e+00
3.298333169035620358e+02
3.387671077045810080e+02
3.479131479697804252e+02
3.568396383739541875e+02
3.599959361813307623e+02
8.172880660185843915e-01
5.710593137499941463e+00
1.141669467253180592e+01
1.256621750297649065e+01
1.212678228929748059e+01
1.176828893202072557e+01
1.125805427624630184e+01
1.078429786756296416e+01
1.031135217777771729e+01
9.936831471548016381e+00
9.462322208025616632e+00
9.041037303856784391e+00
8.518871821186502657e+00
8.044344557624757641e+00
7.604565145108677982e+00
7.159080423076733091e+00
6.818651583729467447e+00
6.309625848829863770e+00
5.855151800371637627e+00
5.360040912721411033e+00
4.904582553568885395e+00
4.478268962264565722e+00
4.044094094583145171e+00
3.622331560754787905e+00
3.210879130289313377e+00
2.698568214565060241e+00
2.266919705870457769e+00
1.753404860071624549e+00
1.323672072415407408e+00
8.794713970105468848e-01
4.550197880658741201e-01
0.000000000000000000e+00
3.595449802119341030e+02
3.591205286029894523e+02
3.586763279275845662e+02
3.581735850972379467e+02
3.578027622198826521e+02
3.572286097238826983e+02
3.567891208697107004e+02
3.563776684392452694e+02
3.559559059054167278e+02
3.555217310377354920e+02
3.550954174464311563e+02
3.546399590872784984e+02
3.541448481996283704e+02
3.536216059797710045e+02
3.532215568578876628e+02
3.528409195769229996e+02
3.523954348548913345e+02
3.520223810636570079e+02
3.514471478909182451e+02
3.509589626961433737e+02
3.504976341552699068e+02
3.501841916576792642e+02
3.496591431614671137e+02
3.491838693786077670e+02
3.487196700960726616e+02
3.483663660010601006e+02
3.478278090244762666e+02
3.474078820630094810e+02
3.483945787609345643e+02
3.531051947147225292e+02
3.589035639160069309e+02
0.000000000000000000e+00
8.208002858953318270e-01
5.338181457924896733e+00
1.442077312751125007e+01
2.352565160815094458e+01
3.255813574386152709e+01
4.154875445672271184e+01
5.070261433522480132e+01
5.973541149501044600e+01
6.876710770457890476e+01
7.777857013335419367e+01
8.685408417150648575e+01
8.999699455626002020e+01
9.070926502799341051e+01
9.522523860875058688e+01
1.043110412626065653e+02
1.134217617279718695e+02
1.224016797019458238e+02
1.314736270524465738e+02
1.405429920875032792e+02
1.495804203972041648e+02
1.587671077045809795e+02
1.676678308307333225e+02
1.768009961907281991e+02
1.799959361813307623e+02
1.808196261968648457e+02
1.856680967392005073e+02
1.913626424679020772e+02
1.925662175029766274e+02
1.921612408943685182e+02
1.917107890471517067e+02
1.912658813964516753e+02
1.908064210093060638e+02
1.903080195196302782e+02
1.898277240111627577e+02
1.894956686013698857e+02
1.890170878937468046e+02
1.885528521090817264e+02
1.880219415808627730e+02
1.875970851235238399e+02
1.871335020981752280e+02
1.868186515837294621e+02
1.863096258488297394e+02
1.858551518003716012e+02
1.853600409127215016e+02
1.849078825092569502e+02
1.844782689622645364e+02
1.840413558544314867e+02
1.836223315607547306e+02
1.832108791302893280e+02
1.826985682145649719e+02
1.822669197058704640e+02
1.817556428016185350e+02
1.813245219122912317e+02
1.808785082716135548e+02
1.804550197880658686e+02
1.800000000000000000e+02
1.795449802119341030e+02
1.791205286029894523e+02
1.786763279275845946e+02
1.781712540940157794e+02
1.778040982430928523e+02
1.772286097238826414e+02
1.767891208697106720e+02
1.763776684392452125e+02
1.759559059054168699e+02
1.755217310377354636e+02
1.750921174907429929e+02
1.746462804133412590e+02
1.741448481996283704e+02
1.736216059797708624e+02
1.732215568578876628e+02
1.728579920206612996e+02
1.723980266809773241e+02
1.719207368334897978e+02
1.714938848027773588e+02
1.708776360458429338e+02
1.705443478477665167e+02
1.701722759888370717e+02
1.696856285762878827e+02
1.691808968807737585e+02
1.687487271210601705e+02
1.682892109528482649e+02
1.678307326391187360e+02
1.674078820630094242e+02
1.683945787609343938e+02
1.731051947147223302e+02
1.789035639160069593e+02
1.800000000000000000e+02
1.808208002858953307e+02
1.853381814579247475e+02
1.944207731275116373e+02
2.035256516081509233e+02
2.125581357438606744e+02
2.215487544567237705e+02
2.307026143352247800e+02
2.397354114950090889e+02
2.487671077045818890e+02
2.577785701333542079e+02
2.669243783589206487e+02
2.699970032020784743e+02
2.708615257345676923e+02
2.754510827165935893e+02
2.844207731275101310e+02
2.935256516081524296e+02
3.025581357438607029e+02
3.117089160791558697e+02
3.206149674468512103e+02
0.000000000000000000e+00
3.882912661876756744e+01
9.000000000000000000e+01
1.247156771153623822e+01
1.022157191341222671e+02
0.000000000000000000e+00
1.916640314268605323e+02
1.908226726687012160e+02
1.898708276037368705e+02
1.890152800640618409e+02
1.880671144832888046e+02
1.871918895007545700e+02
1.862936056132888893e+02
1.854025291857678610e+02
1.845029251237553751e+02
1.835894967408379728e+02
1.827207349794121569e+02
1.817818564553748217e+02
1.808907791319144280e+02
1.800000000000000000e+02
1.791092208680855435e+02
1.782181435446251498e+02
1.772792650205878147e+02
1.764105032591620272e+02
1.754970748762446817e+02
1.745974708142320821e+02
1.737063943867111675e+02
1.728081104992454016e+02
1.719328855167112806e+02
1.709847199359381023e+02
1.701291723962632148e+02
1.691773273312987271e+02
1.683359685731394677e+02
1.673820853961053388e+02
1.800000000000000000e+02
2.700000000000000000e+02
0.000000000000000000e+00
1.261791460389464703e+01
1.166403142686055538e+01
1.082267266870128175e+01
9.870827603736801237e+00
9.015280064061890641e+00
8.067114483288744253e+00
7.191889500754629516e+00
6.293605613288824507e+00
5.402529185767926734e+00
4.502925123755364467e+00
3.589496740837981648e+00
2.720734979412201326e+00
1.781856455374852377e+00
8.907791319144442443e-01
0.000000000000000000e+00
3.591092208680855720e+02
3.582181435446251498e+02
3.572792650205877862e+02
3.564105032591619420e+02
3.554970748762446533e+02
3.545974708142321106e+02
3.537063943867110538e+02
3.528081104992454584e+02
3.519328855167111669e+02
3.509847199359381875e+02
3.501291723962631863e+02
3.491773273312987840e+02
3.483359685731394393e+02
3.473820853961053672e+02
0.000000000000000000e+00
9.000000000000000000e+01
1.800000000000000000e+02
1.926179146038946612e+02
1.021247758200815809e+02
1.916695246951665297e+02
1.908029849772299826e+02
1.898718467666164429e+02
1.890178482152246318e+02
1.880869003941469657e+02
1.871862266511875248e+02
1.862857058967462933e+02
1.853924035051241788e+02
1.845158376235938817e+02
1.835983255382348318e+02
1.827039516664510472e+02
1.817869734175214376e+02
1.808929710147736216e+02
1.800000000000000000e+02
1.791070289852263500e+02
1.782130265824786193e+02
1.772960483335489243e+02
1.764016744617651113e+02
1.754841623764061183e+02
1.746075964948757928e+02
1.737142941032537635e+02
1.728137733488123899e+02
1.719130996058530627e+02
1.709821517847752830e+02
1.701281532333836424e+02
1.691970150227699889e+02
1.683304753048334703e+02
1.673913932066337793e+02
1.800000000000000000e+02
2.700000000000000000e+02
0.000000000000000000e+00
1.260860679336621537e+01
1.166952469516655633e+01
1.080298497723002882e+01
9.871846766616371838e+00
9.017848215224693931e+00
8.086900394146921300e+00
7.186226651187603842e+00
6.285705896746248023e+00
5.392403505124224949e+00
4.515837623593876415e+00
3.598325538234881105e+00
2.703951666451041902e+00
1.786973417521405594e+00
8.929710147736338310e-01
0.000000000000000000e+00
3.591070289852264068e+02
3.582130265824785624e+02
3.572960483335489812e+02
3.564016744617651966e+02
3.554841623764060614e+02
3.546075964948757928e+02
3.537142941032537351e+02
3.528137733488124468e+02
3.519130996058530059e+02
3.509821517847753967e+02
3.501281532333835571e+02
3.491970150227700174e+02
3.483304753048334419e+02
3.473913932066337225e+02
0.000000000000000000e+00
9.000000000000000000e+01
1.800000000000000000e+02
1.926086067933663060e+02
1.915921754102892294e+02
2.962200889662174177e+02
1.916356556321083247e+02
1.908422596411172663e+02
1.898467744634397150e+02
1.890394828033552983e+02
1.880474245190260945e+02
1.872177841763797517e+02
1.862782280575438563e+02
1.853893117599735092e+02
1.845385120850324370e+02
1.835807111055297014e+02
1.827140737734519291e+02
1.817774937473458294e+02
1.808885979822196077e+02
1.800000000000000000e+02
1.791114020177803923e+02
1.782225062526541990e+02
1.772859262265480993e+02
1.764192888944703270e+02
1.754614879149675346e+02
1.746106882400265192e+02
1.737217719424561153e+02
1.727822158236203052e+02
1.719525754809737919e+02
1.709605171966447870e+02
1.701532255365602566e+02
1.691577403588829043e+02
1.683643443678916185e+02
1.673591928645008693e+02
1.800000000000000000e+02
2.700000000000000000e+02
0.000000000000000000e+00
1.264080713549914137e+01
1.163565563210839748e+01
1.084225964111712415e+01
9.846774463439759373e+00
9.039482803355232576e+00
8.047424519026193934e+00
7.217784176379708150e+00
6.278228057543884688e+00
5.389311759973496763e+00
4.538512085032496479e+00
3.580711105529696070e+00
2.714073773451900262e+00
1.777493747345812336e+00
8.885979822196461431e-01
0.000000000000000000e+00
3.591114020177803354e+02
3.582225062526541706e+02
3.572859262265480993e+02
3.564192888944702986e+02
3.554614879149675630e+02
3.546106882400264340e+02
3.537217719424560869e+02
3.527822158236202199e+02
3.519525754809738487e+02
3.509605171966447870e+02
3.501532255365603419e+02
3.491577403588827337e+02
3.483643443678916469e+02
3.473591928645008693e+02
0.000000000000000000e+00
9.000000000000000000e+01
1.800000000000000000e+02
1.926408071354991023e+02
3.129744942437482678e+02
2.248215090524455491e+02
1.800000000000000000e+02
4.500000000000000000e+01
9.000000000000000000e+01
2.249778181275064526e+02
1.800000000000000000e+02
4.498457717950752510e+01
9.000000000000000000e+01
2.250000000000000000e+02
1.800000000000000000e+02
4.499041395700539425e+01
9.000000000000000000e+01
2.249919403883618827e+02
1.800000000000000000e+02
4.500000000000000000e+01
9.000000000000000000e+01
2.249999999999998863e+02
1.800000000000000000e+02
4.499454481773395997e+01
9.000000000000000000e+01
2.249999999999999147e+02
1.800000000000000000e+02
4.499999999999993605e+01
9.000000000000000000e+01
2.249958771116489231e+02
1.800000000000000000e+02
4.499999999999995026e+01
9.000000000000000000e+01
2.249999999999999716e+02
1.800000000000000000e+02
4.499668638138625454e+01
9.000000000000000000e+01
2.249968899864594221e+02
1.800000000000000000e+02
4.499999999999996447e+01
9.000000000000000000e+01
2.249972300807604881e+02
1.800000000000000000e+02
4.499737380118833840e+01
9.000000000000000000e+01
2.249999999999999716e+02
1.800000000000000000e+02
4.499762050834831228e+01
9.000000000000000000e+01
2.249977273499868033e+02
1.800000000000000000e+02
4.499999999999995026e+01
9.000000000000000000e+01
2.250000000000000000e+02
1.672870889737599782e+02
4.499999999999997158e+01
9.000000000000000000e+01
2.250000000000000000e+02
1.673137145943663029e+02
4.499999999999997158e+01
9.000000000000000000e+01
2.250000000000000000e+02
1.676020043455527571e+02
4.500000000000000000e+01
9.000000000000000000e+01
2.250000000000000000e+02
1.684318744459038726e+02
4.500169078937338440e+01
1.800000000000000000e+02
2.249999999999999716e+02
1.684558260693273724e+02
4.500000000000000000e+01
1.800000000000000000e+02
2.250017201290791036e+02
1.691547433030680736e+02
4.500172957948187502e+01
1.800000000000000000e+02
2.250017391342994415e+02
1.691547433030697221e+02
4.500174879527197191e+01
1.800000000000000000e+02
2.250017585641783739e+02
1.691324072994044627e+02
4.500176844283761568e+01
1.800000000000000000e+02
2.250000000000000284e+02
1.702295353940978373e+02
4.500178686354266944e+01
1.800000000000000000e+02
2.250000000000000284e+02
1.701141279974963254e+02
4.500000000000002842e+01
1.800000000000000000e+02
2.250018152830686518e+02
1.709188816116302121e+02
4.500000000000002842e+01
1.800000000000000000e+02
2.250000000000000568e+02
1.709188816116302121e+02
4.500000000000000000e+01
1.800000000000000000e+02
2.250000000000000568e+02
1.709005462105907327e+02
4.500186115898949168e+01
1.800000000000000000e+02
2.250018696615921669e+02
1.719669542094415817e+02
4.500187824223871758e+01
1.800000000000000000e+02
2.250018869020086072e+02
1.719669542094410986e+02
4.500189564200140779e+01
1.800000000000000000e+02
2.249999999999999716e+02
1.728468906013710011e+02
4.499999999999997158e+01
1.910906495334196222e+02
2.250000000000000000e+02
1.728468906013694095e+02
4.500000000000002842e+01
1.926036823602455286e+02
2.249999999999999716e+02
1.729869439961627506e+02
4.499796989053294993e+01
1.915882152375361329e+02
2.250000000000000000e+02
1.737338019015212751e+02
4.500000000000000000e+01
1.914188301046621064e+02
2.249978792693679566e+02
1.737215893165310092e+02
4.499999999999996447e+01
1.908369455892367625e+02
2.250000000000000000e+02
1.745858184827022228e+02
4.499778738059529104e+01
1.898552168786038692e+02
2.250000000000000000e+02
1.745858184827034734e+02
4.500000000000002842e+01
1.898693419738987984e+02
2.249976979477085592e+02
1.752908651387293730e+02
4.500233146610302271e+01
1.890470423612503907e+02
2.250000000000000568e+02
1.754173870260404726e+02
4.500000000000000000e+01
1.890338213515589985e+02
2.250024194831079285e+02
1.755345358292913147e+02
4.499999999999996447e+01
1.880327020578177155e+02
2.250000000000000000e+02
1.764571288728697596e+02
4.499749832862612209e+01
1.879593619244498370e+02
2.249999999999999147e+02
1.764571288728697596e+02
4.500000000000003553e+01
1.872120588638049696e+02
2.250000000000000284e+02
1.773493103165790785e+02
4.500260636762383371e+01
1.869165492851433896e+02
2.250000000000000000e+02
1.773542029590872460e+02
4.500000000000000000e+01
1.862906707733557710e+02
2.249999999999999716e+02
1.781186982292971663e+02
4.500000000000007105e+01
1.858906264162052082e+02
2.249972790150795277e+02
1.782231460267503849e+02
4.500274076916860366e+01
1.854013317333213706e+02
2.250000000000000000e+02
1.786533309754089487e+02
4.499721986610372682e+01
1.848096747120324324e+02
2.249999999999999716e+02
1.791786114073881606e+02
4.500000000000004974e+01
1.845554064995064607e+02
2.249999999999999716e+02
1.791786114073866827e+02
4.499715554885239044e+01
1.839451862290376596e+02
2.250028566475278069e+02
1.800000000000000000e+02
4.500000000000004974e+01
1.835112591758615110e+02
2.249999999999999716e+02
1.800000000000000000e+02
4.499711108861671249e+01
1.830630734132595308e+02
2.250000000000000284e+02
1.808982922721627347e+02
4.500000000000000000e+01
1.826988134214622619e+02
2.249970920276371942e+02
1.809980833434082115e+02
4.500291359163301763e+01
1.823293915309038766e+02
2.250000000000000000e+02
1.818634177421467939e+02
4.500000000000000000e+01
1.817654069084621256e+02
2.250000000000000000e+02
1.817654069084621256e+02
4.500000000000000000e+01
1.815747450657523245e+02
2.250029153706539944e+02
1.826988134214636261e+02
4.500000000000004974e+01
1.808967302800581365e+02
2.250000000000000000e+02
1.827033577944631588e+02
4.500289855716418685e+01
1.808982922721627347e+02
2.249999999999999716e+02
1.836059109672056593e+02
4.500000000000000000e+01
1.800000000000000000e+02
2.250000000000000000e+02
1.835112591758614258e+02
4.500000000000004974e+01
1.800000000000000000e+02
2.249971513061469750e+02
1.846479706913881103e+02
4.500000000000004974e+01
1.790759546472272632e+02
2.250000000000000000e+02
1.845627944255941770e+02
4.499999999999996447e+01
1.790742959673356154e+02
2.249999999999999716e+02
1.854013317333213706e+02
4.500000000000000000e+01
1.782263804858598633e+02
2.250000000000000000e+02
1.853927405917771694e+02
4.500000000000000000e+01
1.782231460267489069e+02
2.250000000000000000e+02
1.862015092862466474e+02
4.500000000000000000e+01
1.775700871504374447e+02
2.249973384224707615e+02
1.862808588922341926e+02
4.499736195131115579e+01
1.772434431284623315e+02
2.249973860221965651e+02
1.873102273888470393e+02
4.500258846982038818e+01
1.771269716573855533e+02
2.250000000000000000e+02
1.872120588638049696e+02
4.500000000000000000e+01
1.764504863507265782e+02
2.250000000000000000e+02
1.880206897955287104e+02
4.500000000000000000e+01
1.764504863507265782e+02
2.250000000000000000e+02
1.880327020578179145e+02
4.500000000000000000e+01
1.754173870260404726e+02
2.250000000000000000e+02
1.890470423612507318e+02
4.500000000000000000e+01
1.754173870260404726e+02
2.250000000000000000e+02
1.893112912674828578e+02
4.500000000000000000e+01
1.745858184827019102e+02
2.250022802475219237e+02
1.898552168786038692e+02
4.500000000000000000e+01
1.746956752244769007e+02
2.249977791472737749e+02
1.906444693843973539e+02
4.499780971063554347e+01
1.744653626379862317e+02
2.250000000000000000e+02
1.908369455892367625e+02
4.500000000000002842e+01
1.737215893165308387e+02
2.249979008690423825e+02
1.915882152375359055e+02
4.499793148563163925e+01
1.736103940537384460e+02
2.250000000000000000e+02
1.915882152375359055e+02
4.500000000000000000e+01
1.727345531001600136e+02
2.250019776942283727e+02
1.926785132809734478e+02
4.500194718027157847e+01
1.727345531001618326e+02
2.250019174652619540e+02
1.819547286116322766e+02
4.500000000000000000e+01
1.722245659208402913e+02
2.250000000000000000e+02
1.800000000000000000e+02
4.500000000000000000e+01
1.719669542094413259e+02
2.250018808318121160e+02
1.800000000000000000e+02
4.500000000000000000e+01
1.719669542094413259e+02
2.250000000000000000e+02
1.800000000000000000e+02
4.500000000000000000e+01
1.709188816116302121e+02
2.250000000000000284e+02
1.800000000000000000e+02
4.500000000000002842e+01
1.709188816116318321e+02
2.250000000000000000e+02
1.800000000000000000e+02
4.500000000000002842e+01
1.703646373732484847e+02
2.249981914781890282e+02
1.800000000000000000e+02
4.500000000000000000e+01
1.702295353940978373e+02
2.250000000000000000e+02
1.800000000000000000e+02
4.499821968804977246e+01
1.701341930569169847e+02
2.250000000000000000e+02
1.800000000000000000e+02
4.500000000000002842e+01
1.691547433030697221e+02
2.250000000000000000e+02
1.800000000000000000e+02
4.499999999999997158e+01
1.691324072994031269e+02
2.250000000000000000e+02
1.800000000000000000e+02
4.500000000000000000e+01
1.687134631063496215e+02
2.249982868656153414e+02
1.800000000000000000e+02
4.500000000000002842e+01
1.684558260693256955e+02
2.250000000000000284e+02
1.188409145369145108e+02
4.499999999999997158e+01
1.684318744459018262e+02
2.250000000000000000e+02
9.000000000000000000e+01
4.499999999999997158e+01
1.673137145943659334e+02
2.250000000000000000e+02
9.000000000000000000e+01
4.500193717346217426e+01
1.672870889737596087e+02
2.250000000000000000e+02
9.000000000000000000e+01
4.500000000000000000e+01
1.761141799245805259e+02
2.249999999999999716e+02
9.000000000000000000e+01
4.500000000000000000e+01
1.800000000000000000e+02
2.249999999999999716e+02
9.000000000000000000e+01
4.499999999999996447e+01
1.800000000000000000e+02
2.249999999999999716e+02
9.000000000000000000e+01
4.499999999999996447e+01
1.800000000000000000e+02
2.249999999999999716e+02
9.000000000000000000e+01
4.499999999999995737e+01
1.800000000000000000e+02
2.249999999999999716e+02
9.000000000000000000e+01
4.500000000000000000e+01
1.800000000000000000e+02
2.249999999999999716e+02
9.000000000000000000e+01
4.500000000000000000e+01
1.800000000000000000e+02
2.250000000000000000e+02
9.000000000000000000e+01
4.500478941564650626e+01
1.800000000000000000e+02
2.250000000000000000e+02
9.000000000000000000e+01
4.499999999999992184e+01
1.800000000000000000e+02
2.250066864020600121e+02
9.000000000000000000e+01
4.499999999999989342e+01
1.800000000000000000e+02
2.249999999999998863e+02
9.000000000000000000e+01
4.499999999999985079e+01
1.800000000000000000e+02
2.249999999999997726e+02
9.000000000000000000e+01
4.499999999999972289e+01
1.800000000000000000e+02
2.250000000000000000e+02
9.000000000000000000e+01
4.499999999999874234e+01
0.000000000000000000e+00
3.553065148237192261e+02
3.568455257331110033e+02
3.591014082917266705e+02
1.347749453878637649e+00
3.603622486257941127e+00
6.294462122095613843e+00
8.527187352154648181e+00
1.012442794831231829e+01
1.022157191341222671e+02
1.916640314268605323e+02
1.908226726687012160e+02
1.898708276037368705e+02
1.890152800640618409e+02
1.880671144832888046e+02
1.871918895007545700e+02
1.862936056132888893e+02
1.854025291857678610e+02
1.845029251237553751e+02
1.835894967408379728e+02
1.827207349794121569e+02
1.817818564553748217e+02
1.808907791319144280e+02
1.800000000000000000e+02
1.791092208680855435e+02
1.782181435446251498e+02
1.772792650205878147e+02
1.764105032591620272e+02
1.754970748762446817e+02
1.745974708142320821e+02
1.737063943867111675e+02
1.728081104992454016e+02
1.719328855167112806e+02
1.709847199359381023e+02
1.701291723962632148e+02
1.691773273312987271e+02
1.683359685731394677e+02
1.673820853961053388e+02
1.800000000000000000e+02
2.700000000000000000e+02
0.000000000000000000e+00
1.261791460389464703e+01
1.166403142686055538e+01
1.082267266870128175e+01
9.870827603736801237e+00
9.015280064061890641e+00
8.067114483288744253e+00
7.191889500754629516e+00
6.293605613288824507e+00
5.402529185767926734e+00
4.502925123755364467e+00
3.589496740837981648e+00
2.720734979412201326e+00
1.781856455374852377e+00
8.907791319144442443e-01
0.000000000000000000e+00
3.591092208680855720e+02
3.582181435446251498e+02
3.572792650205877862e+02
3.564105032591619420e+02
3.554970748762446533e+02
3.545974708142321106e+02
3.537063943867110538e+02
3.528081104992454584e+02
3.519328855167111669e+02
3.509847199359381875e+02
3.501291723962631863e+02
3.491773273312987840e+02
3.483359685731394393e+02
3.473820853961053672e+02
0.000000000000000000e+00
9.000000000000000000e+01
1.800000000000000000e+02
1.926179146038946612e+02
1.021247758200815809e+02
1.916695246951665297e+02
1.908029849772299826e+02
1.898718467666164429e+02
1.890178482152246318e+02
1.880869003941469657e+02
1.871862266511875248e+02
1.862857058967462933e+02
1.853924035051241788e+02
1.845158376235938817e+02
1.835983255382348318e+02
1.827039516664510472e+02
1.817869734175214376e+02
1.808929710147736216e+02
1.800000000000000000e+02
1.791070289852263500e+02
1.782130265824786193e+02
1.772960483335489243e+02
1.764016744617651113e+02
1.754841623764061183e+02
1.746075964948757928e+02
1.737142941032537635e+02
1.728137733488123899e+02
1.719130996058530627e+02
1.709821517847752830e+02
1.701281532333836424e+02
1.691970150227699889e+02
1.683304753048334703e+02
1.673913932066337793e+02
1.800000000000000000e+02
2.700000000000000000e+02
0.000000000000000000e+00
1.260860679336621537e+01
1.166952469516655633e+01
1.080298497723002882e+01
9.871846766616371838e+00
9.017848215224693931e+00
8.086900394146921300e+00
7.186226651187603842e+00
6.285705896746248023e+00
5.392403505124224949e+00
4.515837623593876415e+00
3.598325538234881105e+00
2.703951666451041902e+00
1.786973417521405594e+00
8.929710147736338310e-01
0.000000000000000000e+00
3.591070289852264068e+02
3.582130265824785624e+02
3.572960483335489812e+02
3.564016744617651966e+02
3.554841623764060614e+02
3.546075964948757928e+02
3.537142941032537351e+02
3.528137733488124468e+02
3.519130996058530059e+02
3.509821517847753967e+02
3.501281532333835571e+02
3.491970150227700174e+02
3.483304753048334419e+02
3.473913932066337225e+02
0.000000000000000000e+00
9.000000000000000000e+01
1.800000000000000000e+02
1.926086067933663060e+02
1.915921754102892294e+02
2.962200889662174177e+02
1.916356556321083247e+02
1.908422596411172663e+02
1.898467744634397150e+02
1.890394828033552983e+02
1.880474245190260945e+02
1.872177841763797517e+02
1.862782280575438563e+02
1.853893117599735092e+02
1.845385120850324370e+02
1.835807111055297014e+02
1.827140737734519291e+02
1.817774937473458294e+02
1.808885979822196077e+02
1.800000000000000000e+02
1.791114020177803923e+02
1.782225062526541990e+02
1.772859262265480993e+02
1.764192888944703270e+02
1.754614879149675346e+02
1.746106882400265192e+02
1.737217719424561153e+02
1.727822158236203052e+02
1.719525754809737919e+02
1.709605171966447870e+02
1.701532255365602566e+02
1.691577403588829043e+02
1.683643443678916185e+02
1.673591928645008693e+02
1.800000000000000000e+02
2.700000000000000000e+02
0.000000000000000000e+00
1.264080713549914137e+01
1.163565563210839748e+01
1.084225964111712415e+01
9.846774463439759373e+00
9.039482803355232576e+00
8.047424519026193934e+00
7.217784176379708150e+00
6.278228057543884688e+00
5.389311759973496763e+00
4.538512085032496479e+00
3.580711105529696070e+00
2.714073773451900262e+00
1.777493747345812336e+00
8.885979822196461431e-01
0.000000000000000000e+00
3.591114020177803354e+02
3.582225062526541706e+02
3.572859262265480993e+02
3.564192888944702986e+02
3.554614879149675630e+02
3.546106882400264340e+02
3.537217719424560869e+02
3.527822158236202199e+02
3.519525754809738487e+02
3.509605171966447870e+02
3.501532255365603419e+02
3.491577403588827337e+02
3.483643443678916469e+02
3.473591928645008693e+02
0.000000000000000000e+00
9.000000000000000000e+01
1.800000000000000000e+02
1.926408071354991023e+02
1.396931091138415570e-01
1.349013842978739035e+02
1.800000000000000000e+02
3.149665523800322262e+02
2.700000000000000000e+02
1.350000000000000000e+02
1.800000000000000000e+02
