0.000 0.000 0.000 57.243 3.000
73.185 92.380 0.200 38.387 1.000
73.185 92.380 0.200 0.000 0.000
73.622 92.126 0.200 30.167 0.000
74.093 91.943 0.200 21.233 0.000
74.588 91.837 0.200 12.087 0.000
75.240 91.801 0.200 3.160 0.000
89.339 91.800 0.200 0.004 0.000
90.040 91.810 0.200 89.183 1.000
90.580 91.864 0.200 84.289 1.000
91.199 91.989 0.200 78.583 1.000
92.334 92.242 0.200 77.434 1.000
93.800 92.557 0.200 77.873 1.000
94.616 92.727 0.200 78.232 1.000
96.103 93.023 0.200 78.742 1.000
96.922 93.179 0.200 79.216 1.000
98.472 93.461 0.200 79.689 1.000
99.391 93.622 0.200 80.063 1.000
100.783 93.854 0.200 80.538 1.000
101.600 93.984 0.200 80.959 1.000
103.249 94.231 0.200 81.481 1.000
104.091 94.350 0.200 81.956 1.000
105.604 94.552 0.200 82.395 1.000
106.432 94.656 0.200 82.841 1.000
107.837 94.824 0.200 83.181 1.000
108.660 94.915 0.200 83.690 1.000
110.347 95.088 0.200 84.145 1.000
111.189 95.167 0.200 84.640 1.000
112.669 95.294 0.200 85.095 1.000
113.550 95.363 0.200 85.522 1.000
115.021 95.467 0.200 85.956 1.000
115.874 95.521 0.200 86.378 1.000
117.407 95.607 0.200 86.789 1.000
118.192 95.644 0.200 87.301 1.000
119.834 95.709 0.200 87.733 1.000
120.618 95.733 0.200 88.247 1.000
122.176 95.769 0.200 88.676 1.000
123.088 95.783 0.200 89.121 1.000
124.599 95.795 0.200 89.545 1.000
125.401 95.795 0.200 0.000 0.000
126.912 95.783 0.200 0.455 0.000
127.824 95.769 0.200 0.879 0.000
129.382 95.733 0.200 1.324 0.000
130.166 95.708 0.200 1.826 0.000
131.808 95.645 0.200 2.197 0.000
132.593 95.607 0.200 2.771 0.000
134.126 95.521 0.200 3.211 0.000
134.979 95.467 0.200 3.622 0.000
136.450 95.363 0.200 4.044 0.000
137.331 95.294 0.200 4.478 0.000
138.811 95.167 0.200 4.905 0.000
139.653 95.088 0.200 5.360 0.000
141.340 94.915 0.200 5.855 0.000
142.163 94.823 0.200 6.378 0.000
143.568 94.656 0.200 6.778 0.000
144.396 94.552 0.200 7.159 0.000
145.909 94.350 0.200 7.605 0.000
146.751 94.232 0.200 7.978 0.000
148.400 93.984 0.200 8.553 0.000
149.217 93.854 0.200 9.041 0.000
150.609 93.621 0.200 9.502 0.000
151.528 93.462 0.200 9.816 0.000
153.068 93.181 0.200 10.341 0.000
153.895 93.023 0.200 10.816 0.000
155.384 92.726 0.200 11.280 0.000
156.200 92.558 0.200 11.634 0.000
157.665 92.242 0.200 12.172 0.000
158.623 92.028 0.200 12.592 0.000
159.368 91.875 0.200 11.605 0.000
159.889 91.812 0.200 6.895 0.000
160.516 91.800 0.200 1.096 0.000
174.339 91.800 0.200 0.000 0.000
175.037 91.810 0.200 89.179 1.000
175.540 91.857 0.200 84.662 1.000
176.030 91.983 0.200 75.579 1.000
176.494 92.185 0.200 66.474 1.000
176.920 92.457 0.200 57.442 1.000
177.298 92.792 0.200 48.451 1.000
177.618 93.183 0.200 39.297 1.000
177.873 93.620 0.200 30.265 1.000
178.056 94.091 0.200 21.233 1.000
178.163 94.585 0.200 12.221 1.000
178.199 95.240 0.200 3.146 1.000
178.200 114.304 0.200 0.003 1.000
178.191 115.031 0.200 89.291 2.000
178.145 115.534 0.200 84.775 2.000
178.020 116.024 0.200 75.689 2.000
177.819 116.488 0.200 66.578 2.000
177.548 116.915 0.200 57.598 2.000
177.213 117.294 0.200 48.526 2.000
176.823 117.615 0.200 39.457 2.000
176.387 117.871 0.200 30.420 2.000
175.916 118.054 0.200 21.233 2.000
175.422 118.162 0.200 12.332 2.000
174.760 118.199 0.200 3.199 2.000
160.661 118.200 0.200 0.004 2.000
159.962 118.190 0.200 89.180 3.000
159.428 118.137 0.200 84.332 3.000
158.801 118.011 0.200 78.637 3.000
157.666 117.758 0.200 77.434 3.000
156.195 117.441 0.200 77.839 3.000
155.399 117.276 0.200 78.289 3.000
153.898 116.977 0.200 78.734 3.000
153.065 116.818 0.200 79.194 3.000
151.476 116.529 0.200 79.692 3.000
150.587 116.375 0.200 80.172 3.000
149.194 116.142 0.200 80.504 3.000
148.400 116.016 0.200 80.983 3.000
146.751 115.768 0.200 81.447 3.000
145.935 115.653 0.200 81.978 3.000
144.398 115.448 0.200 82.403 3.000
143.567 115.344 0.200 82.866 3.000
142.162 115.176 0.200 83.181 3.000
141.339 115.085 0.200 83.690 3.000
139.652 114.912 0.200 84.145 3.000
138.810 114.833 0.200 84.640 3.000
137.331 114.706 0.200 85.092 3.000
136.450 114.637 0.200 85.522 3.000
134.978 114.533 0.200 85.959 3.000
134.125 114.479 0.200 86.378 3.000
132.592 114.393 0.200 86.789 3.000
131.807 114.356 0.200 87.301 3.000
130.165 114.291 0.200 87.733 3.000
129.382 114.267 0.200 88.244 3.000
127.825 114.231 0.200 88.675 3.000
126.912 114.217 0.200 89.121 3.000
125.401 114.205 0.200 89.545 3.000
124.599 114.205 0.200 0.000 2.000
123.088 114.217 0.200 0.455 2.000
122.176 114.231 0.200 0.879 2.000
120.618 114.267 0.200 1.324 2.000
119.835 114.292 0.200 1.829 2.000
118.192 114.355 0.200 2.196 2.000
117.407 114.393 0.200 2.771 2.000
115.874 114.479 0.200 3.211 2.000
115.021 114.533 0.200 3.622 2.000
113.550 114.637 0.200 4.044 2.000
112.669 114.706 0.200 4.478 2.000
111.190 114.833 0.200 4.908 2.000
110.347 114.912 0.200 5.354 2.000
108.660 115.085 0.200 5.855 2.000
107.837 115.177 0.200 6.378 2.000
106.432 115.344 0.200 6.778 2.000
105.602 115.448 0.200 7.142 2.000
104.066 115.653 0.200 7.602 2.000
103.277 115.765 0.200 8.079 2.000
101.572 116.020 0.200 8.506 2.000
100.806 116.143 0.200 9.122 2.000
99.413 116.375 0.200 9.456 2.000
98.524 116.529 0.200 9.828 2.000
96.936 116.818 0.200 10.314 2.000
96.104 116.977 0.200 10.819 2.000
94.601 117.276 0.200 11.251 2.000
93.805 117.441 0.200 11.711 2.000
92.335 117.758 0.200 12.169 2.000
91.377 117.972 0.200 12.592 2.000
90.632 118.125 0.200 11.605 2.000
90.111 118.188 0.200 6.895 2.000
89.484 118.200 0.200 1.096 2.000
75.661 118.200 0.200 0.000 2.000
74.963 118.190 0.200 89.179 3.000
74.460 118.143 0.200 84.662 3.000
73.970 118.017 0.200 75.579 3.000
73.506 117.815 0.200 66.474 3.000
73.080 117.543 0.200 57.442 3.000
72.702 117.208 0.200 48.451 3.000
72.382 116.817 0.200 39.297 3.000
72.127 116.380 0.200 30.265 3.000
71.944 115.909 0.200 21.233 3.000
71.837 115.415 0.200 12.221 3.000
71.801 114.745 0.200 3.076 3.000
71.800 95.626 0.200 0.003 3.000
71.810 94.961 0.200 89.138 0.000
71.858 94.458 0.200 84.549 0.000
71.984 93.968 0.200 75.579 0.000
72.186 93.504 0.200 66.474 0.000
72.458 93.078 0.200 57.442 0.000
72.794 92.701 0.200 48.291 0.000
73.185 92.380 0.200 39.385 0.000
73.185 92.380 0.200 0.000 0.000
75.614 94.335 0.200 51.171 1.000
75.614 95.614 0.200 0.000 1.000
157.771 113.785 0.200 77.528 1.000
157.750 113.882 0.200 77.784 2.000
157.750 113.882 0.200 0.000 0.000
155.357 113.388 0.200 78.336 3.000
152.956 112.929 0.200 79.177 3.000
150.548 112.510 0.200 80.129 3.000
148.134 112.127 0.200 80.985 3.000
145.714 111.784 0.200 81.933 3.000
143.289 111.478 0.200 82.808 3.000
140.859 111.210 0.200 83.706 3.000
138.427 110.980 0.200 84.597 3.000
135.989 110.788 0.200 85.497 3.000
133.550 110.635 0.200 86.411 3.000
131.109 110.519 0.200 87.279 3.000
128.666 110.443 0.200 88.218 3.000
126.222 110.405 0.200 89.109 3.000
123.778 110.405 0.200 0.000 2.000
121.334 110.443 0.200 0.891 2.000
118.891 110.519 0.200 1.782 2.000
116.450 110.635 0.200 2.721 2.000
114.011 110.788 0.200 3.589 2.000
111.573 110.980 0.200 4.503 2.000
109.141 111.210 0.200 5.403 2.000
106.711 111.478 0.200 6.294 2.000
104.286 111.784 0.200 7.192 2.000
101.866 112.127 0.200 8.067 2.000
99.452 112.510 0.200 9.015 2.000
97.044 112.929 0.200 9.871 2.000
94.643 113.388 0.200 10.823 2.000
92.250 113.882 0.200 11.664 2.000
89.936 114.400 0.200 12.618 2.000
75.600 114.400 0.200 0.000 2.000
75.600 95.600 0.200 0.000 3.000
89.936 95.600 0.200 0.000 0.000
92.250 96.118 0.200 77.382 1.000
94.643 96.612 0.200 78.336 1.000
97.044 97.071 0.200 79.177 1.000
99.452 97.490 0.200 80.129 1.000
101.866 97.873 0.200 80.985 1.000
104.286 98.216 0.200 81.933 1.000
106.711 98.522 0.200 82.808 1.000
109.141 98.790 0.200 83.706 1.000
111.573 99.020 0.200 84.597 1.000
114.011 99.212 0.200 85.497 1.000
116.450 99.365 0.200 86.411 1.000
118.891 99.481 0.200 87.279 1.000
121.334 99.557 0.200 88.218 1.000
123.778 99.595 0.200 89.109 1.000
126.222 99.595 0.200 0.000 0.000
128.666 99.557 0.200 0.891 0.000
131.109 99.481 0.200 1.782 0.000
133.550 99.365 0.200 2.721 0.000
135.989 99.212 0.200 3.589 0.000
138.427 99.020 0.200 4.503 0.000
140.859 98.790 0.200 5.403 0.000
143.289 98.522 0.200 6.294 0.000
145.714 98.216 0.200 7.192 0.000
148.134 97.873 0.200 8.067 0.000
150.548 97.490 0.200 9.015 0.000
152.956 97.071 0.200 9.871 0.000
155.357 96.612 0.200 10.823 0.000
157.750 96.118 0.200 11.664 0.000
160.064 95.600 0.200 12.618 0.000
174.400 95.600 0.200 0.000 0.000
174.400 114.400 0.200 0.000 1.000
160.064 114.400 0.200 0.000 2.000
157.750 113.882 0.200 77.382 3.000
157.666 114.273 0.200 77.875 2.000
155.279 113.780 0.200 78.330 3.000
152.884 113.323 0.200 79.197 3.000
150.482 112.905 0.200 80.128 3.000
148.075 112.523 0.200 80.982 3.000
145.661 112.180 0.200 81.913 3.000
143.242 111.875 0.200 82.814 3.000
140.818 111.608 0.200 83.714 3.000
138.392 111.379 0.200 84.608 3.000
135.961 111.187 0.200 85.484 3.000
133.528 111.034 0.200 86.402 3.000
131.093 110.919 0.200 87.296 3.000
128.657 110.843 0.200 88.213 3.000
126.219 110.805 0.200 89.107 3.000
123.781 110.805 0.200 0.000 2.000
121.343 110.843 0.200 0.893 2.000
118.907 110.919 0.200 1.787 2.000
116.472 111.034 0.200 2.704 2.000
114.039 111.187 0.200 3.598 2.000
111.608 111.379 0.200 4.516 2.000
109.182 111.608 0.200 5.392 2.000
106.758 111.875 0.200 6.286 2.000
104.339 112.180 0.200 7.186 2.000
101.925 112.523 0.200 8.087 2.000
99.518 112.905 0.200 9.018 2.000
97.116 113.323 0.200 9.872 2.000
94.721 113.780 0.200 10.803 2.000
92.334 114.273 0.200 11.670 2.000
89.978 114.800 0.200 12.609 2.000
75.200 114.800 0.200 0.000 2.000
75.200 95.200 0.200 0.000 3.000
89.978 95.200 0.200 0.000 0.000
92.334 95.727 0.200 77.391 1.000
94.721 96.220 0.200 78.330 1.000
97.116 96.677 0.200 79.197 1.000
99.518 97.095 0.200 80.128 1.000
101.925 97.477 0.200 80.982 1.000
104.339 97.820 0.200 81.913 1.000
106.758 98.125 0.200 82.814 1.000
109.182 98.392 0.200 83.714 1.000
111.608 98.621 0.200 84.608 1.000
114.039 98.813 0.200 85.484 1.000
116.472 98.966 0.200 86.402 1.000
118.907 99.081 0.200 87.296 1.000
121.343 99.157 0.200 88.213 1.000
123.781 99.195 0.200 89.107 1.000
126.219 99.195 0.200 0.000 0.000
128.657 99.157 0.200 0.893 0.000
131.093 99.081 0.200 1.787 0.000
133.528 98.966 0.200 2.704 0.000
135.961 98.813 0.200 3.598 0.000
138.392 98.621 0.200 4.516 0.000
140.818 98.392 0.200 5.392 0.000
143.242 98.125 0.200 6.286 0.000
145.661 97.820 0.200 7.186 0.000
148.075 97.477 0.200 8.087 0.000
150.482 97.095 0.200 9.018 0.000
152.884 96.677 0.200 9.872 0.000
155.279 96.220 0.200 10.803 0.000
157.666 95.727 0.200 11.670 0.000
160.022 95.200 0.200 12.609 0.000
174.800 95.200 0.200 0.000 0.000
174.800 114.800 0.200 0.000 1.000
160.022 114.800 0.200 0.000 2.000
157.666 114.273 0.200 77.391 3.000
157.471 114.233 0.200 78.408 3.000
157.832 113.500 0.200 63.780 0.000
155.433 113.006 0.200 78.364 3.000
153.026 112.545 0.200 79.158 3.000
150.612 112.126 0.200 80.153 3.000
148.192 111.741 0.200 80.961 3.000
145.766 111.398 0.200 81.953 3.000
143.334 111.090 0.200 82.782 3.000
140.898 110.822 0.200 83.722 3.000
138.460 110.592 0.200 84.611 3.000
136.016 110.398 0.200 85.461 3.000
133.571 110.245 0.200 86.419 3.000
131.124 110.129 0.200 87.286 3.000
128.675 110.053 0.200 88.223 3.000
126.225 110.015 0.200 89.111 3.000
123.775 110.015 0.200 0.000 2.000
121.325 110.053 0.200 0.889 2.000
118.876 110.129 0.200 1.777 2.000
116.429 110.245 0.200 2.714 2.000
113.984 110.398 0.200 3.581 2.000
111.540 110.592 0.200 4.539 2.000
109.102 110.822 0.200 5.389 2.000
106.666 111.090 0.200 6.278 2.000
104.234 111.398 0.200 7.218 2.000
101.808 111.741 0.200 8.047 2.000
99.388 112.126 0.200 9.039 2.000
96.974 112.545 0.200 9.847 2.000
94.567 113.006 0.200 10.842 2.000
92.168 113.500 0.200 11.636 2.000
89.894 114.010 0.200 12.641 2.000
75.990 114.010 0.200 0.000 2.000
75.990 95.990 0.200 0.000 3.000
89.894 95.990 0.200 0.000 0.000
92.168 96.500 0.200 77.359 1.000
94.567 96.994 0.200 78.364 1.000
96.974 97.455 0.200 79.158 1.000
99.388 97.874 0.200 80.153 1.000
101.808 98.259 0.200 80.961 1.000
104.234 98.602 0.200 81.953 1.000
106.666 98.910 0.200 82.782 1.000
109.102 99.178 0.200 83.722 1.000
111.540 99.408 0.200 84.611 1.000
113.984 99.602 0.200 85.461 1.000
116.429 99.755 0.200 86.419 1.000
118.876 99.871 0.200 87.286 1.000
121.325 99.947 0.200 88.223 1.000
123.775 99.985 0.200 89.111 1.000
126.225 99.985 0.200 0.000 0.000
128.675 99.947 0.200 0.889 0.000
131.124 99.871 0.200 1.777 0.000
133.571 99.755 0.200 2.714 0.000
136.016 99.602 0.200 3.581 0.000
138.460 99.408 0.200 4.539 0.000
140.898 99.178 0.200 5.389 0.000
143.334 98.910 0.200 6.278 0.000
145.766 98.602 0.200 7.218 0.000
148.192 98.259 0.200 8.047 0.000
150.612 97.874 0.200 9.039 0.000
153.026 97.455 0.200 9.847 0.000
155.433 96.994 0.200 10.842 0.000
157.832 96.500 0.200 11.636 0.000
160.106 95.990 0.200 12.641 0.000
174.010 95.990 0.200 0.000 0.000
174.010 114.010 0.200 0.000 1.000
160.106 114.010 0.200 0.000 2.000
157.832 113.500 0.200 77.359 3.000
173.829 96.330 0.200 47.026 0.000
173.668 96.170 0.200 45.178 3.000
173.103 96.170 0.200 0.000 2.000
173.829 96.896 0.200 45.000 1.000
173.829 97.461 0.200 0.000 1.000
172.537 96.170 0.200 45.022 3.000
171.971 96.170 0.200 0.000 2.000
173.829 98.027 0.200 45.015 1.000
173.829 98.593 0.200 0.000 1.000
171.406 96.170 0.200 45.000 3.000
170.840 96.170 0.200 0.000 2.000
173.829 99.158 0.200 45.010 1.000
173.829 99.724 0.200 0.000 1.000
170.274 96.170 0.200 45.008 3.000
169.709 96.170 0.200 0.000 2.000
173.829 100.290 0.200 45.000 1.000
173.829 100.856 0.200 0.000 1.000
169.143 96.170 0.200 45.000 3.000
168.577 96.170 0.200 0.000 2.000
173.829 101.421 0.200 45.005 1.000
173.829 101.987 0.200 0.000 1.000
168.012 96.170 0.200 45.000 3.000
167.446 96.170 0.200 0.000 2.000
173.829 102.553 0.200 45.000 1.000
173.829 103.118 0.200 0.000 1.000
166.880 96.170 0.200 45.004 3.000
166.315 96.170 0.200 0.000 2.000
173.829 103.684 0.200 45.000 1.000
173.829 104.250 0.200 0.000 1.000
165.749 96.170 0.200 45.000 3.000
165.183 96.170 0.200 0.000 2.000
173.829 104.815 0.200 45.003 1.000
173.829 105.381 0.200 0.000 1.000
164.617 96.170 0.200 45.003 3.000
164.052 96.170 0.200 0.000 2.000
173.829 105.947 0.200 45.000 1.000
173.829 106.512 0.200 0.000 1.000
163.486 96.170 0.200 45.003 3.000
162.920 96.170 0.200 0.000 2.000
173.829 107.078 0.200 45.003 1.000
173.829 107.644 0.200 0.000 1.000
162.355 96.170 0.200 45.000 3.000
161.789 96.170 0.200 0.000 2.000
173.829 108.209 0.200 45.002 1.000
173.829 108.775 0.200 0.000 1.000
161.223 96.170 0.200 45.002 3.000
160.658 96.170 0.200 0.000 2.000
173.829 109.341 0.200 45.000 1.000
173.829 109.907 0.200 0.000 1.000
160.098 96.176 0.200 45.000 3.000
159.637 96.280 0.200 12.713 2.000
173.829 110.472 0.200 45.000 1.000
173.829 111.038 0.200 0.000 1.000
159.174 96.383 0.200 45.000 3.000
158.712 96.487 0.200 12.686 2.000
173.829 111.604 0.200 45.000 1.000
173.829 112.169 0.200 0.000 1.000
158.251 96.591 0.200 45.000 3.000
157.787 96.693 0.200 12.398 2.000
173.829 112.735 0.200 45.000 1.000
173.829 113.301 0.200 0.000 1.000
157.318 96.790 0.200 45.000 3.000
156.849 96.886 0.200 11.568 2.000
173.792 113.830 0.200 44.998 1.000
173.227 113.830 0.200 0.000 2.000
156.380 96.983 0.200 45.000 3.000
155.910 97.079 0.200 11.544 2.000
172.661 113.830 0.200 45.000 1.000
172.095 113.830 0.200 0.000 2.000
155.441 97.175 0.200 44.998 3.000
154.966 97.266 0.200 10.845 2.000
171.529 113.830 0.200 44.998 1.000
170.964 113.830 0.200 0.000 2.000
154.492 97.357 0.200 44.998 3.000
154.017 97.448 0.200 10.845 2.000
170.398 113.830 0.200 44.998 1.000
169.832 113.830 0.200 0.000 2.000
153.542 97.539 0.200 44.998 3.000
153.068 97.630 0.200 10.868 2.000
169.267 113.830 0.200 44.998 1.000
168.701 113.830 0.200 0.000 2.000
152.585 97.714 0.200 45.000 3.000
152.103 97.797 0.200 9.770 2.000
168.135 113.830 0.200 44.998 1.000
167.570 113.830 0.200 0.000 2.000
151.621 97.881 0.200 45.000 3.000
151.139 97.965 0.200 9.886 2.000
167.004 113.830 0.200 45.000 1.000
166.438 113.830 0.200 0.000 2.000
150.657 98.048 0.200 44.998 3.000
150.169 98.126 0.200 9.081 2.000
165.873 113.830 0.200 45.000 1.000
165.307 113.830 0.200 0.000 2.000
149.681 98.204 0.200 45.000 3.000
149.193 98.282 0.200 9.081 2.000
164.741 113.830 0.200 45.000 1.000
164.176 113.830 0.200 0.000 2.000
148.705 98.359 0.200 45.000 3.000
148.218 98.437 0.200 9.099 2.000
163.610 113.830 0.200 44.998 1.000
163.044 113.830 0.200 0.000 2.000
147.722 98.507 0.200 44.998 3.000
147.226 98.577 0.200 8.033 2.000
162.478 113.830 0.200 44.998 1.000
161.913 113.830 0.200 0.000 2.000
146.731 98.647 0.200 44.998 3.000
146.235 98.717 0.200 8.033 2.000
161.347 113.830 0.200 44.998 1.000
160.781 113.830 0.200 0.000 2.000
145.738 98.787 0.200 45.000 3.000
145.236 98.850 0.200 7.153 2.000
160.216 113.830 0.200 45.000 1.000
159.512 113.692 0.200 78.909 3.000
144.734 98.914 0.200 45.000 3.000
144.232 98.977 0.200 7.153 2.000
158.783 113.528 0.200 45.000 1.000
158.054 113.365 0.200 77.396 3.000
143.730 99.041 0.200 45.000 3.000
143.226 99.103 0.200 7.013 2.000
157.338 113.214 0.200 45.002 1.000
156.626 113.068 0.200 78.412 3.000
142.717 99.159 0.200 45.000 3.000
142.207 99.215 0.200 6.266 2.000
155.914 112.922 0.200 45.000 1.000
155.206 112.779 0.200 78.581 3.000
141.697 99.271 0.200 45.002 3.000
141.188 99.327 0.200 6.278 2.000
154.506 112.645 0.200 45.000 1.000
153.806 112.511 0.200 79.163 3.000
140.675 99.380 0.200 45.000 3.000
140.158 99.429 0.200 5.414 2.000
153.106 112.376 0.200 45.002 1.000
152.421 112.257 0.200 80.145 3.000
139.641 99.477 0.200 45.000 3.000
139.124 99.526 0.200 5.414 2.000
151.736 112.138 0.200 45.000 1.000
151.052 112.019 0.200 80.131 3.000
138.607 99.575 0.200 45.002 3.000
138.085 99.618 0.200 4.709 2.000
150.372 111.906 0.200 44.998 1.000
149.700 111.799 0.200 80.953 3.000
137.561 99.660 0.200 45.000 3.000
137.037 99.702 0.200 4.583 2.000
149.026 111.691 0.200 45.000 1.000
148.353 111.584 0.200 80.966 3.000
136.513 99.743 0.200 44.998 3.000
135.988 99.784 0.200 4.465 2.000
147.692 111.488 0.200 45.000 1.000
147.033 111.395 0.200 81.967 3.000
135.456 99.818 0.200 45.000 3.000
134.923 99.851 0.200 3.543 2.000
146.375 111.302 0.200 45.003 1.000
145.717 111.210 0.200 82.041 3.000
134.391 99.884 0.200 45.000 3.000
133.858 99.917 0.200 3.543 2.000
145.069 111.128 0.200 45.000 1.000
144.421 111.046 0.200 82.788 3.000
133.322 99.947 0.200 45.000 3.000
132.782 99.972 0.200 2.651 2.000
143.773 110.964 0.200 44.997 1.000
143.130 110.886 0.200 83.083 3.000
132.243 99.999 0.200 45.000 3.000
131.702 100.024 0.200 2.646 2.000
142.494 110.816 0.200 45.000 1.000
141.859 110.746 0.200 83.709 3.000
131.162 100.049 0.200 45.000 3.000
130.614 100.067 0.200 1.881 2.000
141.224 110.677 0.200 45.000 1.000
140.594 110.612 0.200 84.109 3.000
130.065 100.084 0.200 45.003 3.000
129.517 100.101 0.200 1.777 2.000
139.969 110.554 0.200 44.997 1.000
139.345 110.495 0.200 84.599 3.000
128.968 100.118 0.200 45.000 3.000
128.415 100.131 0.200 1.347 2.000
138.720 110.435 0.200 45.003 1.000
138.102 110.383 0.200 85.190 3.000
127.859 100.140 0.200 45.000 3.000
127.301 100.148 0.200 0.821 2.000
137.487 110.334 0.200 45.000 1.000
136.872 110.285 0.200 85.445 3.000
126.744 100.157 0.200 45.000 3.000
126.186 100.165 0.200 0.821 2.000
136.258 110.236 0.200 45.003 1.000
135.649 110.194 0.200 86.055 3.000
125.621 100.165 0.200 44.997 3.000
125.055 100.165 0.200 0.000 2.000
135.046 110.156 0.200 45.000 1.000
134.443 110.119 0.200 86.489 3.000
124.489 100.165 0.200 45.000 3.000
123.923 100.165 0.200 0.000 2.000
133.840 110.081 0.200 45.003 1.000
133.242 110.049 0.200 86.937 3.000
123.351 100.158 0.200 45.000 3.000
122.777 100.149 0.200 89.102 3.000
132.648 110.020 0.200 45.000 1.000
132.054 109.992 0.200 87.301 3.000
122.202 100.141 0.200 45.003 3.000
121.628 100.131 0.200 89.002 3.000
131.460 109.964 0.200 44.997 1.000
130.870 109.940 0.200 87.671 3.000
121.049 100.119 0.200 45.000 3.000
120.465 100.100 0.200 88.137 3.000
130.287 109.922 0.200 45.000 1.000
129.703 109.904 0.200 88.235 3.000
119.881 100.082 0.200 45.000 3.000
119.297 100.064 0.200 88.235 3.000
129.119 109.886 0.200 45.000 1.000
128.537 109.870 0.200 88.425 3.000
118.711 100.043 0.200 44.997 3.000
118.117 100.015 0.200 87.301 3.000
127.963 109.861 0.200 45.000 1.000
127.388 109.852 0.200 89.103 3.000
117.523 99.987 0.200 45.000 3.000
116.930 99.959 0.200 87.297 3.000
126.813 109.843 0.200 44.997 1.000
126.239 109.834 0.200 89.102 3.000
116.335 99.930 0.200 45.000 3.000
115.732 99.892 0.200 86.394 3.000
125.674 109.834 0.200 45.000 1.000
125.108 109.834 0.200 0.000 2.000
115.128 99.854 0.200 45.000 3.000
114.525 99.817 0.200 86.489 3.000
124.542 109.834 0.200 45.000 1.000
123.977 109.834 0.200 0.000 2.000
113.920 99.778 0.200 45.003 3.000
113.305 99.728 0.200 85.352 3.000
123.417 109.840 0.200 45.000 1.000
122.859 109.849 0.200 0.924 2.000
112.690 99.680 0.200 45.000 3.000
112.076 99.631 0.200 85.437 3.000
122.302 109.857 0.200 45.000 1.000
121.745 109.866 0.200 0.926 2.000
111.460 99.581 0.200 45.000 3.000
110.836 99.522 0.200 84.599 3.000
121.190 109.876 0.200 45.000 1.000
120.641 109.893 0.200 1.774 2.000
110.211 99.463 0.200 45.000 3.000
109.586 99.404 0.200 84.607 3.000
120.092 109.910 0.200 45.000 1.000
119.544 109.927 0.200 1.777 2.000
108.960 99.343 0.200 45.000 3.000
108.325 99.274 0.200 83.798 3.000
118.995 109.944 0.200 45.000 1.000
118.453 109.967 0.200 2.430 2.000
107.689 99.204 0.200 45.003 3.000
107.053 99.134 0.200 83.719 3.000
117.913 109.993 0.200 45.003 1.000
117.373 110.019 0.200 2.757 2.000
106.413 99.060 0.200 45.003 3.000
105.766 98.977 0.200 82.690 3.000
116.833 110.045 0.200 44.997 1.000
116.295 110.072 0.200 2.873 2.000
105.118 98.895 0.200 45.000 3.000
104.470 98.813 0.200 82.788 3.000
115.762 110.105 0.200 45.000 1.000
115.230 110.138 0.200 3.550 2.000
103.816 98.724 0.200 45.000 3.000
103.156 98.631 0.200 81.979 3.000
114.697 110.172 0.200 45.000 1.000
114.165 110.205 0.200 3.550 2.000
102.498 98.538 0.200 45.000 3.000
101.839 98.445 0.200 81.967 3.000
113.638 110.244 0.200 45.000 1.000
113.114 110.286 0.200 4.583 2.000
101.167 98.339 0.200 45.000 3.000
100.495 98.232 0.200 80.953 3.000
112.590 110.327 0.200 45.000 1.000
112.066 110.369 0.200 4.583 2.000
99.822 98.125 0.200 45.000 3.000
99.145 98.014 0.200 80.689 3.000
111.541 110.410 0.200 45.000 1.000
111.024 110.459 0.200 5.414 2.000
98.461 97.895 0.200 44.998 3.000
97.776 97.776 0.200 80.145 3.000
110.508 110.508 0.200 45.000 1.000
109.991 110.556 0.200 5.304 2.000
97.091 97.657 0.200 45.002 3.000
96.394 97.526 0.200 79.356 3.000
109.474 110.605 0.200 45.002 1.000
108.958 110.655 0.200 5.535 2.000
95.695 97.392 0.200 45.000 3.000
94.995 97.258 0.200 79.163 3.000
108.448 110.711 0.200 45.000 1.000
107.939 110.767 0.200 6.278 2.000
94.291 97.120 0.200 45.002 3.000
93.579 96.974 0.200 78.412 3.000
107.429 110.823 0.200 45.002 1.000
106.920 110.880 0.200 6.390 2.000
92.867 96.827 0.200 45.000 3.000
92.155 96.681 0.200 78.412 3.000
106.413 110.939 0.200 45.000 1.000
105.911 111.003 0.200 7.265 2.000
91.426 96.517 0.200 44.998 3.000
90.697 96.353 0.200 77.321 3.000
105.409 111.066 0.200 44.998 1.000
104.907 111.130 0.200 7.265 2.000
89.967 96.189 0.200 44.998 3.000
89.381 96.169 0.200 88.045 3.000
104.405 111.193 0.200 45.000 1.000
103.907 111.261 0.200 7.775 2.000
88.815 96.169 0.200 45.000 3.000
88.249 96.169 0.200 0.000 2.000
103.411 111.331 0.200 45.000 1.000
102.915 111.401 0.200 8.033 2.000
87.684 96.169 0.200 44.998 3.000
87.118 96.169 0.200 0.000 2.000
102.420 111.471 0.200 45.000 1.000
101.924 111.541 0.200 8.033 2.000
86.552 96.169 0.200 45.000 3.000
85.987 96.169 0.200 0.000 2.000
101.434 111.616 0.200 45.000 1.000
100.946 111.694 0.200 9.081 2.000
85.421 96.169 0.200 45.000 3.000
84.855 96.169 0.200 0.000 2.000
100.458 111.772 0.200 45.000 1.000
99.970 111.850 0.200 9.081 2.000
84.289 96.169 0.200 45.000 3.000
83.724 96.169 0.200 0.000 2.000
99.482 111.927 0.200 45.000 1.000
98.999 112.009 0.200 9.635 2.000
83.158 96.169 0.200 45.002 3.000
82.592 96.169 0.200 0.000 2.000
98.516 112.093 0.200 45.000 1.000
98.034 112.176 0.200 9.770 2.000
82.027 96.169 0.200 45.000 3.000
81.461 96.169 0.200 0.000 2.000
97.553 112.260 0.200 45.002 1.000
97.070 112.344 0.200 9.866 2.000
80.895 96.169 0.200 45.000 3.000
80.330 96.169 0.200 0.000 2.000
96.594 112.433 0.200 45.000 1.000
96.119 112.524 0.200 10.845 2.000
79.764 96.169 0.200 45.000 3.000
79.198 96.169 0.200 0.000 2.000
95.644 112.615 0.200 45.000 1.000
95.170 112.706 0.200 10.868 2.000
78.633 96.169 0.200 45.000 3.000
78.067 96.169 0.200 0.000 2.000
94.695 112.797 0.200 45.000 1.000
94.224 112.891 0.200 11.287 2.000
77.501 96.169 0.200 45.002 3.000
76.936 96.169 0.200 0.000 2.000
93.755 112.988 0.200 45.000 1.000
93.285 113.084 0.200 11.544 2.000
76.370 96.169 0.200 45.000 3.000
76.169 96.534 0.200 61.159 2.000
92.816 113.181 0.200 45.000 1.000
92.347 113.277 0.200 11.568 2.000
76.169 97.099 0.200 45.000 3.000
76.169 97.665 0.200 0.000 1.000
91.882 113.378 0.200 45.000 1.000
91.420 113.482 0.200 12.686 2.000
76.169 98.231 0.200 45.000 3.000
76.169 98.796 0.200 0.000 1.000
90.957 113.585 0.200 44.998 1.000
90.496 113.689 0.200 12.713 2.000
76.169 99.362 0.200 45.000 3.000
76.169 99.928 0.200 0.000 1.000
90.034 113.793 0.200 45.000 1.000
89.504 113.829 0.200 3.886 2.000
76.169 100.494 0.200 45.000 3.000
76.169 101.059 0.200 0.000 1.000
88.939 113.829 0.200 45.000 1.000
88.373 113.829 0.200 0.000 2.000
76.169 101.625 0.200 45.000 3.000
76.169 102.191 0.200 0.000 1.000
87.807 113.829 0.200 45.000 1.000
87.242 113.829 0.200 0.000 2.000
76.169 102.756 0.200 45.000 3.000
76.169 103.322 0.200 0.000 1.000
86.676 113.829 0.200 45.000 1.000
86.110 113.829 0.200 0.000 2.000
76.169 103.888 0.200 45.000 3.000
76.169 104.453 0.200 0.000 1.000
85.545 113.829 0.200 45.000 1.000
84.979 113.829 0.200 0.000 2.000
76.169 105.019 0.200 45.000 3.000
76.169 105.585 0.200 0.000 1.000
84.413 113.829 0.200 45.000 1.000
83.848 113.829 0.200 0.000 2.000
76.169 106.150 0.200 45.000 3.000
76.169 106.716 0.200 0.000 1.000
83.282 113.829 0.200 45.000 1.000
82.716 113.829 0.200 0.000 2.000
76.169 107.282 0.200 45.000 3.000
76.169 107.847 0.200 0.000 1.000
82.150 113.829 0.200 44.995 1.000
81.585 113.829 0.200 0.000 2.000
76.169 108.413 0.200 45.000 3.000
76.169 108.979 0.200 0.000 1.000
81.019 113.829 0.200 45.000 1.000
80.453 113.829 0.200 0.000 2.000
76.169 109.544 0.200 44.993 3.000
76.169 110.110 0.200 0.000 1.000
79.888 113.829 0.200 45.000 1.000
79.322 113.829 0.200 0.000 2.000
76.169 110.676 0.200 45.000 3.000
76.169 111.242 0.200 0.000 1.000
78.756 113.829 0.200 45.000 1.000
78.191 113.829 0.200 0.000 2.000
76.169 111.807 0.200 45.000 3.000
76.169 112.373 0.200 0.000 1.000
77.625 113.829 0.200 45.000 1.000
77.059 113.829 0.200 0.000 2.000
76.169 112.939 0.200 45.000 3.000
76.169 113.504 0.200 0.000 1.000
76.494 113.829 0.200 45.000 1.000
76.494 113.829 0.400 0.000 0.000
114.009 110.749 0.400 4.693 0.000
118.890 110.480 0.400 3.154 0.000
126.222 110.365 0.400 0.899 0.000
131.110 110.480 0.400 88.652 1.000
138.430 110.941 0.400 86.396 1.000
145.719 111.745 0.400 83.706 1.000
149.634 112.332 0.400 81.473 1.000
157.771 113.785 0.400 79.876 1.000
157.750 113.882 0.400 77.784 2.000
155.357 113.388 0.400 78.336 3.000
152.956 112.929 0.400 79.177 3.000
150.548 112.510 0.400 80.129 3.000
148.134 112.127 0.400 80.985 3.000
145.714 111.784 0.400 81.933 3.000
143.289 111.478 0.400 82.808 3.000
140.859 111.210 0.400 83.706 3.000
138.427 110.980 0.400 84.597 3.000
135.989 110.788 0.400 85.497 3.000
133.550 110.635 0.400 86.411 3.000
131.109 110.519 0.400 87.279 3.000
128.666 110.443 0.400 88.218 3.000
126.222 110.405 0.400 89.109 3.000
123.778 110.405 0.400 0.000 2.000
121.334 110.443 0.400 0.891 2.000
118.891 110.519 0.400 1.782 2.000
116.450 110.635 0.400 2.721 2.000
114.011 110.788 0.400 3.589 2.000
111.573 110.980 0.400 4.503 2.000
109.141 111.210 0.400 5.403 2.000
106.711 111.478 0.400 6.294 2.000
104.286 111.784 0.400 7.192 2.000
101.866 112.127 0.400 8.067 2.000
99.452 112.510 0.400 9.015 2.000
97.044 112.929 0.400 9.871 2.000
94.643 113.388 0.400 10.823 2.000
92.250 113.882 0.400 11.664 2.000
89.936 114.400 0.400 12.618 2.000
75.600 114.400 0.400 0.000 2.000
75.600 95.600 0.400 0.000 3.000
89.936 95.600 0.400 0.000 0.000
92.250 96.118 0.400 77.382 1.000
94.643 96.612 0.400 78.336 1.000
97.044 97.071 0.400 79.177 1.000
99.452 97.490 0.400 80.129 1.000
101.866 97.873 0.400 80.985 1.000
104.286 98.216 0.400 81.933 1.000
106.711 98.522 0.400 82.808 1.000
109.141 98.790 0.400 83.706 1.000
111.573 99.020 0.400 84.597 1.000
114.011 99.212 0.400 85.497 1.000
116.450 99.365 0.400 86.411 1.000
118.891 99.481 0.400 87.279 1.000
121.334 99.557 0.400 88.218 1.000
123.778 99.595 0.400 89.109 1.000
126.222 99.595 0.400 0.000 0.000
128.666 99.557 0.400 0.891 0.000
131.109 99.481 0.400 1.782 0.000
133.550 99.365 0.400 2.721 0.000
135.989 99.212 0.400 3.589 0.000
138.427 99.020 0.400 4.503 0.000
140.859 98.790 0.400 5.403 0.000
143.289 98.522 0.400 6.294 0.000
145.714 98.216 0.400 7.192 0.000
148.134 97.873 0.400 8.067 0.000
150.548 97.490 0.400 9.015 0.000
152.956 97.071 0.400 9.871 0.000
155.357 96.612 0.400 10.823 0.000
157.750 96.118 0.400 11.664 0.000
160.064 95.600 0.400 12.618 0.000
174.400 95.600 0.400 0.000 0.000
174.400 114.400 0.400 0.000 1.000
160.064 114.400 0.400 0.000 2.000
157.750 113.882 0.400 77.382 3.000
157.666 114.273 0.400 77.875 2.000
155.279 113.780 0.400 78.330 3.000
152.884 113.323 0.400 79.197 3.000
150.482 112.905 0.400 80.128 3.000
148.075 112.523 0.400 80.982 3.000
145.661 112.180 0.400 81.913 3.000
143.242 111.875 0.400 82.814 3.000
140.818 111.608 0.400 83.714 3.000
138.392 111.379 0.400 84.608 3.000
135.961 111.187 0.400 85.484 3.000
133.528 111.034 0.400 86.402 3.000
131.093 110.919 0.400 87.296 3.000
128.657 110.843 0.400 88.213 3.000
126.219 110.805 0.400 89.107 3.000
123.781 110.805 0.400 0.000 2.000
121.343 110.843 0.400 0.893 2.000
118.907 110.919 0.400 1.787 2.000
116.472 111.034 0.400 2.704 2.000
114.039 111.187 0.400 3.598 2.000
111.608 111.379 0.400 4.516 2.000
109.182 111.608 0.400 5.392 2.000
106.758 111.875 0.400 6.286 2.000
104.339 112.180 0.400 7.186 2.000
101.925 112.523 0.400 8.087 2.000
99.518 112.905 0.400 9.018 2.000
97.116 113.323 0.400 9.872 2.000
94.721 113.780 0.400 10.803 2.000
92.334 114.273 0.400 11.670 2.000
89.978 114.800 0.400 12.609 2.000
75.200 114.800 0.400 0.000 2.000
75.200 95.200 0.400 0.000 3.000
89.978 95.200 0.400 0.000 0.000
92.334 95.727 0.400 77.391 1.000
94.721 96.220 0.400 78.330 1.000
97.116 96.677 0.400 79.197 1.000
99.518 97.095 0.400 80.128 1.000
101.925 97.477 0.400 80.982 1.000
104.339 97.820 0.400 81.913 1.000
106.758 98.125 0.400 82.814 1.000
109.182 98.392 0.400 83.714 1.000
111.608 98.621 0.400 84.608 1.000
114.039 98.813 0.400 85.484 1.000
116.472 98.966 0.400 86.402 1.000
118.907 99.081 0.400 87.296 1.000
121.343 99.157 0.400 88.213 1.000
123.781 99.195 0.400 89.107 1.000
126.219 99.195 0.400 0.000 0.000
128.657 99.157 0.400 0.893 0.000
131.093 99.081 0.400 1.787 0.000
133.528 98.966 0.400 2.704 0.000
135.961 98.813 0.400 3.598 0.000
138.392 98.621 0.400 4.516 0.000
140.818 98.392 0.400 5.392 0.000
143.242 98.125 0.400 6.286 0.000
145.661 97.820 0.400 7.186 0.000
148.075 97.477 0.400 8.087 0.000
150.482 97.095 0.400 9.018 0.000
152.884 96.677 0.400 9.872 0.000
155.279 96.220 0.400 10.803 0.000
157.666 95.727 0.400 11.670 0.000
160.022 95.200 0.400 12.609 0.000
174.800 95.200 0.400 0.000 0.000
174.800 114.800 0.400 0.000 1.000
160.022 114.800 0.400 0.000 2.000
157.666 114.273 0.400 77.391 3.000
157.471 114.233 0.400 78.408 3.000
157.832 113.500 0.400 63.780 0.000
155.433 113.006 0.400 78.364 3.000
153.026 112.545 0.400 79.158 3.000
150.612 112.126 0.400 80.153 3.000
148.192 111.741 0.400 80.961 3.000
145.766 111.398 0.400 81.953 3.000
143.334 111.090 0.400 82.782 3.000
140.898 110.822 0.400 83.722 3.000
138.460 110.592 0.400 84.611 3.000
136.016 110.398 0.400 85.461 3.000
133.571 110.245 0.400 86.419 3.000
131.124 110.129 0.400 87.286 3.000
128.675 110.053 0.400 88.223 3.000
126.225 110.015 0.400 89.111 3.000
123.775 110.015 0.400 0.000 2.000
121.325 110.053 0.400 0.889 2.000
118.876 110.129 0.400 1.777 2.000
116.429 110.245 0.400 2.714 2.000
113.984 110.398 0.400 3.581 2.000
111.540 110.592 0.400 4.539 2.000
109.102 110.822 0.400 5.389 2.000
106.666 111.090 0.400 6.278 2.000
104.234 111.398 0.400 7.218 2.000
101.808 111.741 0.400 8.047 2.000
99.388 112.126 0.400 9.039 2.000
96.974 112.545 0.400 9.847 2.000
94.567 113.006 0.400 10.842 2.000
92.168 113.500 0.400 11.636 2.000
89.894 114.010 0.400 12.641 2.000
75.990 114.010 0.400 0.000 2.000
75.990 95.990 0.400 0.000 3.000
89.894 95.990 0.400 0.000 0.000
92.168 96.500 0.400 77.359 1.000
94.567 96.994 0.400 78.364 1.000
96.974 97.455 0.400 79.158 1.000
99.388 97.874 0.400 80.153 1.000
101.808 98.259 0.400 80.961 1.000
104.234 98.602 0.400 81.953 1.000
106.666 98.910 0.400 82.782 1.000
109.102 99.178 0.400 83.722 1.000
111.540 99.408 0.400 84.611 1.000
113.984 99.602 0.400 85.461 1.000
116.429 99.755 0.400 86.419 1.000
118.876 99.871 0.400 87.286 1.000
121.325 99.947 0.400 88.223 1.000
123.775 99.985 0.400 89.111 1.000
126.225 99.985 0.400 0.000 0.000
128.675 99.947 0.400 0.889 0.000
131.124 99.871 0.400 1.777 0.000
133.571 99.755 0.400 2.714 0.000
136.016 99.602 0.400 3.581 0.000
138.460 99.408 0.400 4.539 0.000
140.898 99.178 0.400 5.389 0.000
143.334 98.910 0.400 6.278 0.000
145.766 98.602 0.400 7.218 0.000
148.192 98.259 0.400 8.047 0.000
150.612 97.874 0.400 9.039 0.000
153.026 97.455 0.400 9.847 0.000
155.433 96.994 0.400 10.842 0.000
157.832 96.500 0.400 11.636 0.000
160.106 95.990 0.400 12.641 0.000
174.010 95.990 0.400 0.000 0.000
174.010 114.010 0.400 0.000 1.000
160.106 114.010 0.400 0.000 2.000
157.832 113.500 0.400 77.359 3.000
173.828 113.539 0.400 89.860 1.000
173.538 113.830 0.400 45.099 2.000
172.972 113.830 0.400 0.000 2.000
173.828 112.973 0.400 45.033 0.000
173.828 112.408 0.400 0.000 3.000
172.406 113.830 0.400 45.000 2.000
171.841 113.830 0.400 0.000 2.000
